0,0,424,122,444,174
0,1,424,122,448,171
0,2,425,122,448,170
0,3,424,121,447,173
0,4,427,122,451,169
0,5,430,123,451,171
0,6,429,122,450,165
0,7,430,121,452,167
0,8,431,121,449,170
0,9,433,121,456,170
0,10,433,121,454,171
0,11,435,121,459,165
0,12,435,122,458,167
0,13,436,116,459,167
0,14,439,121,464,169
0,15,440,117,462,164
0,16,441,118,463,162
0,17,442,116,466,161
0,18,442,117,461,164
0,19,444,117,465,164
0,20,443,111,467,164
0,21,444,118,465,168
0,22,446,118,469,164
0,23,447,119,469,160
0,24,449,117,468,161
0,25,448,116,469,164
0,26,451,113,470,163
0,27,451,117,471,161
0,28,454,116,474,164
0,29,454,115,472,159
0,30,454,116,475,162
0,31,456,117,475,159
0,32,454,116,474,155
0,33,458,114,475,156
0,34,457,110,473,159
0,35,461,115,477,154
0,36,459,112,483,157
0,37,461,112,481,159
0,38,463,115,480,157
0,39,464,114,483,155
0,40,462,114,483,155
0,41,466,110,484,157
0,42,464,113,480,154
0,43,465,109,480,154
0,44,466,107,479,157
0,45,466,114,481,153
0,46,468,110,478,154
0,47,467,110,481,155
0,48,471,107,479,154
0,49,470,113,479,154
0,50,469,113,480,155
0,51,472,117,482,153
0,69,494,109,502,142
0,70,495,110,505,140
0,71,493,108,507,139
0,72,494,109,506,138
0,73,495,109,507,142
0,74,493,106,507,144
0,75,495,106,507,143
0,76,494,108,508,147
0,77,495,107,508,145
0,78,495,108,507,147
0,79,495,105,507,145
0,80,494,105,509,142
0,81,495,104,509,142
0,82,495,104,511,142
0,83,496,105,512,142
0,84,495,105,512,144
0,85,495,106,512,144
0,86,496,104,510,142
0,87,495,105,510,143
0,88,495,102,513,140
0,89,495,105,513,142
0,90,495,104,513,139
0,91,497,104,513,144
0,92,497,102,515,139
0,93,497,102,516,139
0,98,500,105,513,137
0,99,499,104,513,136
0,100,501,104,517,139
0,101,498,101,516,140
0,102,502,104,516,136
0,103,501,101,519,137
0,104,498,102,518,139
0,105,501,99,517,139
0,106,502,102,516,135
0,107,499,101,516,138
0,108,504,104,515,138
0,109,501,101,519,135
0,110,501,103,518,135
0,111,501,103,517,134
0,112,502,101,517,139
0,113,501,101,514,134
0,114,502,99,515,136
0,115,503,100,519,137
0,116,503,100,519,132
0,117,504,99,516,136
0,118,500,98,517,134
0,119,502,100,515,138
0,120,504,102,516,137
0,121,502,98,516,136
0,122,501,98,517,132
0,123,505,100,516,134
0,124,505,99,518,136
0,125,501,100,518,136
0,126,507,98,518,132
0,127,501,102,518,133
0,128,503,102,519,132
0,129,502,98,516,134
0,130,505,100,517,132
0,131,506,102,517,134
0,132,506,101,519,134
0,133,504,100,519,134
0,134,506,99,518,132
0,135,503,99,519,135
0,136,501,91,519,133
0,137,505,100,520,131
0,138,504,98,520,134
0,139,507,96,519,131
0,140,507,95,522,133
0,141,507,92,522,131
0,142,507,96,524,130
0,143,506,97,520,129
0,144,507,93,519,132
0,145,510,98,524,132
0,146,508,97,522,133
0,147,507,96,523,130
0,148,510,97,522,130
0,149,509,95,525,127
0,150,507,91,521,129
0,151,509,95,523,128
0,152,510,97,524,132
0,153,511,98,522,130
0,154,511,97,524,129
0,155,511,98,525,135
0,156,512,98,525,126
0,157,513,100,525,128
0,158,512,93,525,132
0,159,513,95,522,128
1,94,0,249,30,358
1,95,3,249,40,385
1,96,7,238,79,382
1,97,7,235,91,382
1,98,13,234,99,379
1,99,30,234,101,366
1,100,48,236,103,359
1,101,55,234,110,355
1,102,66,230,118,335
1,103,72,226,122,346
1,105,85,218,146,338
1,106,101,212,157,335
1,107,107,214,155,339
1,108,113,217,158,340
1,109,125,218,163,338
1,110,130,211,170,339
1,111,137,212,181,327
1,112,144,206,183,295
1,113,151,208,188,293
1,114,158,207,197,300
1,115,169,205,200,299
1,116,173,205,209,307
1,117,181,205,219,270
1,118,185,204,224,264
1,119,190,199,229,255
1,120,219,193,242,216
1,121,228,191,254,237
1,122,236,192,259,242
1,123,237,188,265,255
1,124,244,193,269,256
1,125,251,187,283,299
1,126,253,189,289,293
1,127,256,185,305,292
1,128,263,186,307,286
1,129,265,184,313,291
1,130,272,186,313,287
1,131,282,186,319,292
1,132,283,184,325,284
1,133,291,184,332,282
1,134,295,178,339,286
1,135,296,179,344,291
1,136,305,176,348,286
1,137,312,174,354,281
1,138,321,175,355,281
1,139,325,172,359,275
1,140,333,174,366,275
1,141,335,169,371,274
1,142,337,169,378,273
1,143,339,168,392,274
1,144,349,168,392,263
1,145,355,170,399,263
1,146,365,170,402,261
1,147,373,169,411,257
1,148,376,167,415,262
1,149,375,165,419,259
1,150,379,164,422,258
1,151,384,163,425,258
1,152,393,162,426,260
1,153,399,163,431,252
1,154,403,163,431,257
1,155,405,162,439,252
1,156,414,159,442,251
1,157,413,158,448,251
1,158,415,159,454,250
1,159,416,156,458,247
1,160,422,157,458,245
1,161,427,157,464,243
1,162,435,160,467,241
1,163,440,157,476,239
1,164,443,156,477,239
1,165,446,156,478,243
1,166,447,155,478,239
1,167,452,151,481,236
1,168,461,152,481,238
1,169,466,155,478,234
1,170,470,165,478,194
1,174,495,151,509,225
1,175,494,151,515,222
1,176,491,150,519,225
1,177,494,151,523,226
1,178,491,149,525,225
1,179,494,149,528,225
1,180,497,145,528,228
1,181,499,143,531,225
1,182,501,144,534,221
1,183,502,145,536,221
1,184,508,143,536,220
1,185,511,144,536,218
1,186,517,145,540,218
1,187,518,144,537,219
1,188,518,141,543,216
1,189,520,139,545,221
1,190,521,140,549,216
1,191,522,142,552,213
1,192,530,141,559,212
1,193,531,142,560,212
1,194,529,142,560,212
1,195,530,140,560,206
1,196,535,140,566,210
1,197,535,138,566,210
1,198,541,138,566,205
1,199,539,139,569,204
1,200,544,139,569,207
1,201,550,140,567,204
1,202,550,139,569,204
1,203,551,136,569,208
1,204,554,139,569,203
1,205,552,137,569,201
1,206,555,140,571,198
1,207,556,143,569,203
1,208,560,138,588,205
1,209,562,135,587,198
1,210,560,137,588,193
1,211,566,133,593,194
1,212,576,135,594,193
1,213,573,133,594,192
1,214,578,132,595,194
1,215,576,139,597,200
1,216,580,135,599,193
1,217,580,133,602,198
1,218,582,134,604,192
1,219,583,134,604,192
1,220,583,132,607,201
1,221,585,133,610,196
1,222,588,134,612,191
1,223,590,132,614,193
1,224,593,131,616,190
1,225,595,134,619,192
1,226,597,131,620,187
1,227,596,131,621,190
1,228,600,130,618,193
1,229,602,131,624,187
1,230,601,132,625,186
1,231,603,132,625,187
1,232,608,134,627,185
1,233,608,129,627,188
1,234,610,127,629,188
1,235,610,131,632,187
1,236,613,129,634,185
1,237,611,134,634,187
1,238,617,129,636,187
1,239,621,131,639,183
1,240,624,128,645,181
1,241,625,125,643,179
1,242,626,127,646,177
1,243,630,131,646,177
1,244,630,131,647,179
1,245,635,132,646,175
1,246,636,130,648,177
1,247,636,130,648,179
1,248,637,125,648,175
1,249,641,130,648,172
1,250,640,132,648,177
