0,123,736,72,754,104
0,124,738,71,752,97
0,125,733,70,754,102
0,126,735,68,754,108
0,127,730,67,751,103
0,128,732,72,751,100
0,129,735,71,752,103
0,130,735,68,751,105
0,131,735,73,750,105
0,132,737,71,752,103
0,133,733,70,761,112
0,134,735,68,751,109
0,135,735,74,756,105
0,136,730,74,753,105
0,137,725,71,756,107
0,138,730,71,754,107
0,139,733,73,751,108
0,140,730,73,752,108
0,141,727,72,751,107
0,142,728,73,751,108
0,143,729,71,750,107
0,144,730,76,745,108
0,145,731,73,751,107
0,146,725,74,750,111
0,147,722,74,749,109
0,148,718,74,745,109
0,149,723,64,748,106
0,150,725,76,745,115
0,151,720,75,746,111
0,152,723,76,744,112
0,153,724,70,743,110
0,154,724,75,742,110
0,155,723,76,746,111
0,156,717,74,772,108
0,157,720,69,772,103
0,158,721,66,772,107
0,159,716,70,783,109
0,160,720,68,772,109
0,161,717,75,737,111
0,162,714,72,738,118
0,163,716,74,737,108
0,164,719,71,736,108
0,165,720,77,735,113
0,166,720,74,736,114
0,167,719,75,734,113
0,168,718,72,730,110
0,169,720,74,733,115
0,170,714,69,735,113
0,171,719,68,772,109
0,172,711,72,772,111
0,173,708,66,768,113
0,174,710,66,768,113
0,175,711,68,766,116
0,176,713,69,768,114
0,177,714,71,764,113
0,178,713,66,766,113
0,179,714,71,763,119
0,180,710,69,766,110
0,181,708,66,768,113
0,182,714,66,768,117
0,183,714,69,765,112
0,184,714,66,766,113
0,185,717,71,767,121
0,186,711,71,764,124
0,187,711,69,769,115
0,188,709,71,764,113
0,189,713,71,765,118
0,190,709,71,766,120
0,191,710,70,762,117
0,192,707,71,764,120
0,193,706,70,762,118
0,194,702,72,767,118
0,195,711,74,765,124
0,196,706,72,763,129
0,197,702,72,762,120
0,198,705,73,763,119
0,199,703,71,765,128
0,200,702,70,764,125
0,201,707,72,767,122
0,202,705,71,766,125
0,203,707,73,762,126
0,204,703,74,762,121
0,205,706,71,764,127
0,206,699,72,764,124
0,207,699,73,762,128
0,208,703,71,758,127
0,209,702,73,762,125
0,210,700,75,757,127
0,211,697,75,757,127
0,212,698,73,758,129
0,213,699,72,758,126
0,214,697,76,757,129
0,215,694,76,757,128
0,216,693,73,752,134
0,217,695,72,756,130
0,218,693,77,762,129
0,219,694,76,752,134
0,220,693,72,751,134
0,221,693,77,748,128
0,222,684,72,752,136
0,223,689,73,755,129
0,224,690,74,756,137
0,225,691,75,752,139
0,226,684,76,751,134
0,227,688,73,749,137
0,228,683,74,748,138
0,229,688,76,746,138
0,230,683,79,751,130
0,231,682,80,751,135
0,232,679,77,754,135
0,233,686,76,748,136
0,234,682,79,745,136
0,235,678,78,744,134
0,236,680,75,745,134
0,237,679,80,744,135
0,238,677,77,747,137
0,239,679,77,741,138
0,240,677,78,744,141
0,241,675,76,743,145
0,242,672,77,745,139
0,243,668,80,747,140
0,244,672,76,751,143
0,245,671,77,740,145
0,246,667,76,738,144
0,247,671,78,747,144
0,248,663,79,739,153
0,249,668,73,739,141
0,250,665,76,741,143
0,251,667,82,737,145
0,252,664,76,736,144
0,253,667,76,735,143
0,254,665,77,734,148
0,255,664,76,745,149
0,256,660,78,731,145
0,257,667,79,730,147
0,258,667,78,735,147
0,259,667,81,735,146
0,260,656,78,737,150
0,261,655,78,741,154
0,262,658,82,735,159
0,263,661,78,734,150
0,264,651,77,735,157
0,265,651,81,738,151
0,266,657,82,727,150
0,267,656,80,728,150
0,268,661,82,727,149
0,269,656,83,729,151
0,270,651,83,726,156
0,271,650,93,685,154
0,272,648,77,728,159
0,273,646,79,729,161
0,274,648,83,724,150
0,276,646,80,733,160
0,277,639,80,731,161
0,278,639,83,728,165
0,279,643,80,722,163
0,280,647,83,726,163
0,281,642,81,725,163
0,282,638,82,725,170
0,283,646,82,724,167
0,284,637,83,722,165
0,285,640,83,720,173
0,286,634,82,722,166
0,287,638,85,725,171
0,288,634,84,725,167
0,289,637,81,720,170
0,290,636,89,728,172
0,291,635,89,721,176
0,292,633,85,723,173
0,293,629,83,721,176
0,294,630,85,721,174
0,295,631,88,724,186
0,296,632,87,719,175
0,297,630,87,719,179
0,298,628,84,715,182
0,299,623,86,715,189
0,300,623,91,720,181
0,301,620,86,716,190
0,302,624,88,715,187
0,303,620,90,719,180
0,304,620,100,658,191
0,305,621,102,655,189
0,306,624,105,655,181
0,307,625,108,655,180
0,308,621,103,656,179
0,309,621,107,657,181
0,310,618,103,656,182
0,311,620,113,653,190
0,312,614,111,650,190
0,313,611,108,652,197
0,314,614,108,648,203
0,315,616,105,657,201
0,316,613,108,657,203
0,317,609,106,656,204
0,318,615,113,655,203
0,319,609,94,708,203
0,320,616,93,713,203
0,321,609,88,712,213
0,322,611,87,716,214
0,323,610,91,708,214
0,324,614,90,714,213
0,325,608,92,708,215
0,326,613,91,714,218
0,327,604,92,715,219
0,328,609,89,714,228
0,329,611,89,713,228
0,330,613,90,720,229
0,331,613,91,702,224
0,332,614,88,706,234
0,333,617,87,711,231
0,334,616,91,704,234
0,335,618,92,709,237
0,336,618,92,699,240
0,337,620,94,699,245
0,338,622,93,703,247
0,339,625,90,705,243
0,340,628,97,699,249
0,341,630,96,697,250
0,342,631,92,698,254
0,343,635,93,699,256
0,344,634,97,694,256
0,345,630,97,697,261
0,346,634,103,699,261
0,347,638,100,699,267
0,348,641,93,708,269
0,349,645,90,715,280
0,350,645,99,715,272
0,351,646,96,717,283
0,352,658,102,731,282
0,353,651,98,731,279
0,354,661,92,737,282
0,355,653,98,748,292
0,356,649,91,751,292
0,357,646,100,760,297
0,358,640,96,770,292
0,359,649,103,772,299
0,360,699,157,788,302
0,361,712,151,799,305
0,362,714,159,813,310
0,363,712,155,808,310
0,364,716,157,817,314
0,365,736,162,833,318
0,366,740,163,839,324
0,367,746,161,841,322
0,368,757,163,855,324
0,369,756,169,854,329
0,370,768,169,852,334
0,371,771,171,852,323
0,372,778,170,855,320
0,373,796,178,855,319
0,374,805,198,855,320
0,375,812,225,855,322
0,376,822,274,855,330
0,377,828,276,854,332
0,378,842,289,855,333
1,271,702,84,725,121
1,304,683,86,718,139
1,305,684,91,719,136
1,306,683,88,718,136
1,307,682,94,714,151
1,308,683,91,711,135
1,309,684,92,715,140
1,310,679,86,719,139
1,311,680,87,720,139
1,312,678,87,719,143
1,313,681,92,714,142
1,314,676,87,713,145
1,315,683,92,714,136
1,316,679,92,717,138
1,317,680,94,711,148
1,318,683,96,717,140
1,360,646,102,688,170
1,361,641,97,689,176
1,362,651,105,692,176
1,363,646,106,689,172
1,364,643,103,686,180
1,365,642,105,683,176
1,366,642,103,684,181
1,367,641,106,676,182
1,368,645,106,682,177
1,369,646,97,680,180
1,370,635,109,683,190
1,371,649,110,674,182
1,372,643,110,676,187
1,373,638,109,683,189
1,374,638,114,678,190
1,375,646,113,680,189
1,376,640,114,680,193
1,377,636,113,679,193
1,378,639,111,680,191
1,379,638,113,680,198
1,380,633,113,685,202
1,381,630,111,685,204
1,382,643,114,684,203
1,383,639,116,684,200
1,384,645,120,677,208
1,385,643,119,680,203
1,386,645,120,680,210
1,387,649,121,684,210
1,388,643,125,685,208
1,389,643,124,684,210
1,390,646,122,682,217
1,391,649,124,685,217
1,392,645,131,685,226
1,393,640,129,689,224
1,394,646,132,691,224
1,395,649,133,695,225
1,396,652,127,691,231
1,397,651,134,700,228
1,398,652,134,697,230
1,399,653,134,700,239
1,400,653,139,703,230
1,401,655,134,705,231
1,402,657,139,708,244
1,403,655,139,714,241
1,404,659,137,716,243
1,405,668,145,720,239
1,406,662,140,723,240
1,407,667,146,725,251
1,408,667,147,735,250
1,409,678,150,737,257
1,410,670,144,747,266
1,411,689,148,755,266
1,412,677,151,756,269
1,413,693,153,766,270
1,414,691,151,775,271
1,415,696,155,780,277
1,416,706,155,788,282
1,417,707,161,793,280
1,418,710,161,805,289
1,419,721,160,818,284
1,420,729,163,818,287
1,421,735,166,839,290
1,422,731,155,846,296
1,423,747,166,851,307
1,424,755,171,849,298
1,425,761,171,854,297
1,426,771,174,855,302
1,427,778,176,855,301
1,428,788,184,853,295
1,429,800,194,855,297
1,430,808,204,855,299
1,431,813,221,855,297
1,432,830,244,852,300
